  0.00000100
   0.00000129
   0.00000167
   0.00000216
   0.00000280
   0.00000361
   0.00000467
   0.00000604
   0.00000781
   0.00001010
   0.00001306
   0.00001689
   0.00002184
   0.00002823
   0.00003651
   0.00004720
   0.00006104
   0.00007892
   0.00010204
   0.00013194
   0.00017060
   0.00022058
   0.00028522
   0.00036878
   0.00047684
   0.00061655
   0.00079720
   0.00103079
   0.00133281
   0.00172332
   0.00222825
   0.00288113
   0.00372531
   0.00481683
   0.00622816
   0.00805302
   0.01041256
   0.01346345
   0.01740826
   0.02250889
   0.02910402
   0.03763152
   0.04865759
   0.06291431
   0.08134826
   0.10518338
   0.13600220
   0.17585097
   0.22737546
   0.29399667
   0.38013796
   0.49151872
   0.63553414
   0.82174621
   1.06251858
   1.37383747
   1.77637308
   2.29685198
   2.96983166
   3.83999498
   4.96511694
   6.41990064
   8.30093726
  10.73311928
  13.87793281
  17.94417952
  23.20184013
  30.00000000
 