  0.00100000
   0.00122984
   0.00151250
   0.00186013
   0.00228766
   0.00281345
   0.00346009
   0.00425535
   0.00523340
   0.00643623
   0.00791552
   0.00973481
   0.01197224
   0.01472392
   0.01810804
   0.02226996
   0.02738845
   0.03368336
   0.04142508
   0.05094615
   0.06265552
   0.07705615
   0.09476659
   0.11654757
   0.14333465
   0.17627842
   0.21679393
   0.26662145
   0.32790123
   0.40326545
   0.49595124
   0.60993976
   0.75012720
   0.92253506
   1.13456882
   1.39533604
   1.71603751
   2.11044842
   2.59551002
   3.19205727
   3.92571386
   4.82799273
   5.93764971
   7.30234823
   8.98070654
  11.04481565
  13.58333580
  16.70530477
  20.54482136
  25.26680539
  31.07408157
  38.21609144
  46.99960776
  57.80191134
  71.08699655
  87.42550136
 107.51921813
 132.23123788
 162.62302290
 200.00000000
 