  3.10784275
    0.00058190
    0.00009997
    0.88167426
    0.77603894
     0.99504920
   0.56855831
    0.42683634
  0.67377265
    0.16954382
    0.02767120
    0.17036987
     0.01220788
   1.42853147
    1.02571531
    1.11337109
  3.08000000
    0.00058000
    0.00010370
    0.88000000
    0.78000000
     0.98000000
   0.57000000
    0.43000000
  0.67000000
    1.19000000
    0.03000000
    0.17000000
    0.01000000
     0.17000000
   0.97000000
    1.22000000
    1.50000000
  1.47444540
  3.38015189
  6.62643307
 12.68786018
 24.28072670
 53.02482816
  3.10000000
   8.30000000
  14.10000000
  22.60000000
  52.00000000
  0.08030281
    1.48840496
    6.13545402
   17.78982193
   74.50601627
    -0.70000000
   0.60000000
    3.20000000
    9.80000000
  87.00000000
  1.16000000
    1.16117318
 