  0.94133655
   0.05734030
   0.00130980
   0.00001330
   0.00000005
   0.00000000
   0.00000000
   0.00000000
   0.00000000
   0.00000000
   0.01433507
   0.94199145
   0.04301520
   0.00065495
   0.00000332
   0.00000000
   0.00000000
   0.00000000
   0.00000000
   0.00000000
   0.00021830
   0.02867680
   0.94220980
   0.02867680
   0.00021830
   0.00000000
   0.00000000
   0.00000000
   0.00000000
   0.00000000
   0.00000332
   0.00065495
   0.04301520
   0.94199145
   0.01433507
   0.00000000
   0.00000000
   0.00000000
   0.00000000
   0.00000000
   0.00000005
   0.00001330
   0.00130980
   0.05734030
   0.94133655
   0.00000000
   0.00000000
   0.00000000
   0.00000000
   0.00000000
   0.00000000
   0.00000000
   0.00000000
   0.00000000
   0.00000000
   0.94133655
   0.05734030
   0.00130980
   0.00001330
   0.00000005
   0.00000000
   0.00000000
   0.00000000
   0.00000000
   0.00000000
   0.01433507
   0.94199145
   0.04301520
   0.00065495
   0.00000332
   0.00000000
   0.00000000
   0.00000000
   0.00000000
   0.00000000
   0.00021830
   0.02867680
   0.94220980
   0.02867680
   0.00021830
   0.00000000
   0.00000000
   0.00000000
   0.00000000
   0.00000000
   0.00000332
   0.00065495
   0.04301520
   0.94199145
   0.01433507
   0.00000000
   0.00000000
   0.00000000
   0.00000000
   0.00000000
   0.00000005
   0.00001330
   0.00130980
   0.05734030
   0.94133655
 